101111111111011010000111 1 1.32 0.61 0.16 0.64 0.92 1 0.1 0.27 5.59 7.58 7.03 1.22 6.73 4.77 1.87
011101000010110000110101 1 4.97 0.45 0.06 0.93 0.34 0.2 0.67 0.77 6.63 1.47 3.49 3.36 2.64 3.21 0.86
000111000111111111111111 1 1.02 0.12 0.21 0.03 0.26 0.99 0.81 0.47 3.19 6.73 6.35 1.46 4.71 1.32 1.01
111111111111101111111111 1 2.2 0.32 0.57 0.67 0.37 0.4 0.87 0.3 6.4 5.92 2.39 0.81 5.06 5.05 5.63
111000111000110011010111 1 2.89 0.22 0.85 0.02 0.78 0.47 0.43 0.45 6.36 6.87 4.86 7.44 5.63 4.13 7.58
111000000110101111111111 1 2.87 0.55 0.42 0.45 0.99 0.85 0.5 0.64 4.97 1.53 3.12 2.14 0.91 1.07 2.7
000111000111000000000000 1 1.24 0.37 0.12 0.34 0.49 0.21 0.73 0.95 7.44 4.67 3.55 7.3 1.35 1.03 0.84
000111111011111111101111 1 1.03 0.57 0.96 0.89 0.52 0.67 0.68 0.83 5.72 3.55 7.27 3.98 6.47 4.25 2.27
110111000111111000111111 1 1.14 0.84 0.05 0.61 0.68 0.06 0.74 0.2 1.59 5.3 7.24 6.56 3.12 1.88 2.76
111101000000000110000111 1 0.73 0.56 0.26 0.14 0.01 0.48 0.22 0.35 5.6 1.63 1.35 1.75 2.14 1.92 2.7
101010111110001000000010 1 5.11 0.46 0.15 0.3 0.46 0.15 0.05 0.81 6.06 7.52 2.64 2.43 6.06 1.86 6.64
010011000011111110000111 1 5.8 0.7 0.69 0.34 0.72 0.91 0.19 0.18 3.39 6.08 6.52 5.27 4.69 6.91 5.61
000111111111000111111001 1 3.65 0.2 0.97 0.55 0.32 0.67 0.25 0.35 4.79 6.39 5.65 6.32 3.27 2.61 2.84
001000001001010110000001 1 6.65 0.17 0.32 1.01 0.6 0.87 0.69 0.39 2.72 6.94 3.98 1.14 7.35 6.68 1.4
111111111111101111111000 1 1.76 0.79 0.69 0.58 0.93 0.5 0.94 0.23 3.49 3.55 2.64 2.25 4.62 7.31 1.93
000000111000111000001111 1 2.21 0.64 0.51 0.27 0.57 0 0.6 0.48 2.01 5.89 3.33 6.83 3.96 5.22 5.67
101111000111110111101000 1 4.38 0.92 0.11 0.77 1.01 0.88 0.36 0.38 7.15 3.53 3.88 7.26 6.06 7.68 4.61
111110111111111011000110 1 1.37 0.62 0.46 0.38 0.99 0.9 0.14 0.39 1.02 6.64 1.17 3.69 6.8 5.18 7.15
000111111000101010111000 1 1.29 0.44 0.91 0.37 0.23 0.83 0.79 0.14 6.36 5.77 5.92 6.24 2.12 7.07 4.91
101100000000000111101000 1 1.13 0.81 0.12 0.39 0.23 0.75 0.27 0.08 6.84 3.82 1.94 2.52 7.36 7.75 2.26
111101101100111001011101 1 4.66 0.1 0.5 0.21 0.06 0.27 0.93 0.88 3.64 6.73 7.65 2.76 3.32 4.6 5.98
000110110111000000111100 1 2.73 0.99 0.94 0.44 0.34 0.35 0.33 0.71 2.02 1.67 7.57 6.58 1.75 4.6 1.73
111111011000000011111111 1 2.27 0.63 0.81 0.09 0.05 0.64 0.49 0.22 7.42 1.19 1.08 2.77 4.36 2.37 0.8
000000111111111111111000 1 0.9 0.29 0.7 0.75 0.8 0.3 0.61 0.32 2.31 6.35 2.03 2.8 6.18 5.27 3.17
011111111101111111101000 1 3 0.48 0.69 0.84 0.6 0.36 0.52 0.02 4.18 7.47 7.74 5.86 4.85 2.75 5.44
001111111011111101111111 1 4.5 0.47 0.49 0.73 0.55 0.91 0.5 0.16 7.75 6.23 2.96 4.29 3.45 2.04 1.14